# Per-iteration ensemble statistics (250 runs)
# global optimum U* = 0.7634
   k    E[X_k]   sd(X_k)  E[Phi_k]    E[H]  E[|Pr|]
   0    0.6664    0.0408    0.0970   2.349      1.0
   1    0.6813    0.0333    0.0821   2.721      2.0
   2    0.6909    0.0283    0.0725   2.895      3.0
   5    0.7034    0.0217    0.0600   3.115      6.0
  10    0.7120    0.0181    0.0514   3.287     11.0
  20    0.7228    0.0144    0.0406   3.433     21.0
  40    0.7313    0.0117    0.0320   3.533     41.0
  79    0.7373    0.0105    0.0261   3.604     80.0
